2.45E-01 7.86E-18
2.50E-01 8.16E-18
2.75E-01 1.03E-17
3.00E-01 1.39E-17
3.50E-01 2.16E-17
4.00E-01 3.10E-17
5.00E-01 5.07E-17
6.00E-01 6.90E-17
7.00E-01 8.88E-17
8.00E-01 1.07E-16
9.00E-01 1.25E-16
1.00E+00 1.42E-16
1.20E+00 1.70E-16
1.50E+00 2.09E-16
2.00E+00 2.84E-16
2.50E+00 3.56E-16
3.00E+00 4.31E-16
4.00E+00 5.78E-16
5.00E+00 7.68E-16
6.00E+00 9.71E-16
8.00E+00 1.37E-15
1.00E+01 1.61E-15
1.20E+01 1.64E-15
1.50E+01 1.37E-15
2.00E+01 9.30E-16
2.50E+01 6.68E-16
3.00E+01 5.16E-16
4.00E+01 3.59E-16
5.00E+01 2.90E-16
6.00E+01 2.54E-16
8.00E+01 2.14E-16
1.00E+02 1.90E-16